# This data file contains measurements of the electron arrival rates
# at the two channeltrons of the Cavendish Mott polarimeter,
# with the input to the polarimeter being the reflected beam from the
# second magnetic sample, on 20th September, 2002.
# Sadly not in chronological order: but this experiment is supposed
# to be quick enough to be drift-free.
# The data consist of:
# Column 1: Magnetization direction
# Column 2: Channeltron number
# Column 3: Incident beam energy (eV)
# Column 4: Standard deviation uncertainty in incident beam energy (eV)
# Column 5: Incident beam current (nA)
# Column 6: Standard deviation uncertainty in incident beam current (nA)
# Column 7: Nature of uncertainty in channeltron front end current
# (G Gaussian, T top-hat, P Poisson)
# Column 8: Channeltron electron arrival rate (Hz)
# Column 9: Standard deviation uncertainty in channeltron electron arrival rate
# (Hz)
-1	1	500	0.3	2000	100	P	292.265625	4.77841521355407
-1	1	500	0.3	4000	100	P	546.8046875	1.46149095465791
-1	1	500	0.3	4000	100	P	592.8125	6.80540054386955
-1	1	500	0.3	6000	100	P	860.859375	8.20089255336729
-1	1	550	0.3	2000	100	P	254.6875	4.46065700738131
-1	1	550	0.3	4000	100	P	503.75	6.27339371871398
-1	1	550	0.3	6000	100	P	777.265625	7.79255265963118
-1	1	600	0.3	2000	100	P	218.359375	4.13029371496447
-1	1	600	0.3	4000	100	P	433.515625	5.8196570520199
-1	1	600	0.3	6000	100	P	673.984375	7.25637852491689
-1	1	650	0.3	2000	100	P	203.90625	3.991262429514
-1	1	650	0.3	4000	100	P	386.5625	5.49547043595905
-1	1	650	0.3	6000	100	P	603.203125	6.86478289100427
-1	1	700	0.3	2000	100	P	171.171875	3.65688429327139
-1	1	700	0.3	4000	100	P	348.046875	5.21451456123914
-1	1	700	0.3	6000	100	P	519.375	6.36994284707485
-1	1	750	0.3	2000	100	P	153.4375	3.46226871971255
-1	1	750	0.3	4000	100	P	313.671875	4.95031466013778
-1	1	750	0.3	6000	100	P	473.515625	6.08222066379748
-1	1	800	0.3	2000	100	P	151.40625	3.43927510985237
-1	1	800	0.3	4000	100	P	275.859375	4.64236078648299
-1	1	800	0.3	6000	100	P	426.25	5.77068291019356
-1	1	850	0.3	2000	100	P	132.5	3.21738441905844
-1	1	850	0.3	4000	100	P	254.140625	4.45586538487475
-1	1	850	0.3	6000	100	P	379.609375	5.44582247432608
-1	1	900	0.3	2000	100	P	119.609375	3.05687461664279
-1	1	900	0.3	4000	100	P	232.96875	4.26622591921126
-1	1	900	0.3	6000	100	P	353.203125	5.25299858562945
-1	1	950	0.3	2000	100	P	98.28125	2.77096060171378
-1	1	950	0.3	4000	100	P	208.28125	4.0338533260705
-1	1	950	0.3	6000	100	P	320.078125	5.00061031431414
-1	2	500	0.3	2000	100	P	317.421875	4.97981766577603
-1	2	500	0.3	4000	100	P	611.484375	1.54551313156626
-1	2	500	0.3	4000	100	P	599.765625	6.84519462492667
-1	2	500	0.3	6000	100	P	901.484375	8.39216699052605
-1	2	550	0.3	2000	100	P	271.953125	4.609375
-1	2	550	0.3	4000	100	P	529.375	6.43097363351771
-1	2	550	0.3	6000	100	P	760	7.70551750371122
-1	2	600	0.3	2000	100	P	225.9375	4.20135301867148
-1	2	600	0.3	4000	100	P	479.140625	6.1182400515283
-1	2	600	0.3	6000	100	P	680.859375	7.29329408922162
-1	2	650	0.3	2000	100	P	218.984375	4.13620046623408
-1	2	650	0.3	4000	100	P	409.453125	5.65583993679321
-1	2	650	0.3	6000	100	P	641.015625	7.0766761762232
-1	2	700	0.3	2000	100	P	182.5	3.7759518667483
-1	2	700	0.3	4000	100	P	382.578125	5.46707563653778
-1	2	700	0.3	6000	100	P	570	6.67317390751957
-1	2	750	0.3	2000	100	P	179.0625	3.74022162612057
-1	2	750	0.3	4000	100	P	350.3125	5.23145907586975
-1	2	750	0.3	6000	100	P	501.171875	6.25731993223736
-1	2	800	0.3	2000	100	P	149.53125	3.41791294597302
-1	2	800	0.3	4000	100	P	297.421875	4.82038214090698
-1	2	800	0.3	6000	100	P	466.328125	6.03588309741209
-1	2	850	0.3	2000	100	P	136.640625	3.26726932286351
-1	2	850	0.3	4000	100	P	274.921875	4.63446560936372
-1	2	850	0.3	6000	100	P	416.640625	5.70526500945618
-1	2	900	0.3	2000	100	P	124.921875	3.12402328486441
-1	2	900	0.3	4000	100	P	256.875	4.47977224588483
-1	2	900	0.3	6000	100	P	394.921875	5.5545721243292
-1	2	950	0.3	2000	100	P	118.125	3.03784720237868
-1	2	950	0.3	4000	100	P	231.71875	4.25476525130941
-1	2	950	0.3	6000	100	P	358.515625	5.29235611076248
+1	1	500	0.3	2000	100	P	291.5625	4.77266385915665
+1	1	500	0.3	4000	100	P	508.8984375	1.40992358710831
+1	1	500	0.3	4000	100	P	544.84375	6.5242561237853
+1	1	500	0.3	6000	100	P	783.828125	7.82538000774563
+1	1	550	0.3	2000	100	P	224.453125	4.18752915101794
+1	1	550	0.3	4000	100	P	447.96875	5.9158734430133
+1	1	550	0.3	6000	100	P	670.46875	7.23742848626154
+1	1	600	0.3	2000	100	P	201.796875	3.97056429986658
+1	1	600	0.3	4000	100	P	394.84375	5.55402268349257
+1	1	600	0.3	6000	100	P	602.890625	6.86300444981096
+1	1	650	0.3	2000	100	P	171.328125	3.65855296061503
+1	1	650	0.3	4000	100	P	347.96875	5.21392928545737
+1	1	650	0.3	6000	100	P	519.453125	6.37042191621756
+1	1	700	0.3	2000	100	P	150.859375	3.43305820979997
+1	1	700	0.3	4000	100	P	309.84375	4.92001452932306
+1	1	700	0.3	6000	100	P	472.1875	6.07368491424275
+1	1	750	0.3	2000	100	P	139.453125	3.30072346473088
+1	1	750	0.3	4000	100	P	285.625	4.72381764307218
+1	1	750	0.3	6000	100	P	429.0625	5.78968978551528
+1	1	800	0.3	2000	100	P	123.671875	3.10835410376215
+1	1	800	0.3	4000	100	P	254.375	4.45791956802722
+1	1	800	0.3	6000	100	P	383.671875	5.47488495170218
+1	1	850	0.3	2000	100	P	113.203125	2.97388536104286
+1	1	850	0.3	4000	100	P	237.109375	4.30397141276229
+1	1	850	0.3	6000	100	P	340.078125	5.15447412600209
+1	1	900	0.3	2000	100	P	106.640625	2.88639893779862
+1	1	900	0.3	4000	100	P	220.3125	4.14872438979742
+1	1	900	0.3	6000	100	P	329.296875	5.07211182441545
+1	1	950	0.3	2000	100	P	100.78125	2.80598203063562
+1	1	950	0.3	4000	100	P	197.65625	3.92961760623728
+1	1	950	0.3	6000	100	P	296.5625	4.81341306273418
+1	2	500	0.3	2000	100	P	296.875	4.81594843981951
+1	2	500	0.3	4000	100	P	532.09375	1.44169733680045
+1	2	500	0.3	4000	100	P	562.890625	6.63142745403469
+1	2	500	0.3	6000	100	P	834.84375	8.07602426746911
+1	2	550	0.3	2000	100	P	239.140625	4.3223675605072
+1	2	550	0.3	4000	100	P	481.953125	6.13617045808092
+1	2	550	0.3	6000	100	P	718.28125	7.49104282835507
+1	2	600	0.3	2000	100	P	211.5625	4.06550369726803
+1	2	600	0.3	4000	100	P	426.640625	5.77332649588822
+1	2	600	0.3	6000	100	P	637.890625	7.05940543375467
+1	2	650	0.3	2000	100	P	180.703125	3.75731708012845
+1	2	650	0.3	4000	100	P	353.4375	5.25474116275007
+1	2	650	0.3	6000	100	P	577.890625	6.71920419976391
+1	2	700	0.3	2000	100	P	181.09375	3.76137597412835
+1	2	700	0.3	4000	100	P	348.28125	5.21626999456987
+1	2	700	0.3	6000	100	P	526.015625	6.41053591387842
+1	2	750	0.3	2000	100	P	164.84375	3.58865127432995
+1	2	750	0.3	4000	100	P	323.125	5.02435474712923
+1	2	750	0.3	6000	100	P	458.359375	5.98408941877334
+1	2	800	0.3	2000	100	P	138.90625	3.29424510036063
+1	2	800	0.3	4000	100	P	282.890625	4.70115199479074
+1	2	800	0.3	6000	100	P	421.5625	5.73886489756467
+1	2	850	0.3	2000	100	P	123.828125	3.11031706834287
+1	2	850	0.3	4000	100	P	255.15625	4.46476001944673
+1	2	850	0.3	6000	100	P	396.875	5.56829052537671
+1	2	900	0.3	2000	100	P	119.84375	3.05986812930721
+1	2	900	0.3	4000	100	P	240.390625	4.33364945261208
+1	2	900	0.3	6000	100	P	359.453125	5.29927121315988
+1	2	950	0.3	2000	100	P	108.28125	2.90851726077911
+1	2	950	0.3	4000	100	P	218.28125	4.12955477700078
+1	2	950	0.3	6000	100	P	329.453125	5.07331502970444
